      Assignment         w1         w2   Data Height 

            L3N-H    122.569      8.545      9511354 
            G4N-H    109.804      8.408      5967644 
            M6N-H    122.272      8.474      4411323 
            T7N-H    115.255      8.158      6287953 
            T8N-H    117.097      8.263      7326168 
            E9N-H    124.096      8.438      5701232 
           T10N-H    119.200      8.171      4164394 
           F11N-H    123.355      8.917      3649286 
           V12N-H    124.437     10.327      1865760 
           K13N-H    112.895      8.082      2292109 
           D14N-H    119.982      7.910      3076431 
           I15N-H    120.780      7.420      3777292 
           K16N-H    124.093      6.437      2500418 
           G18N-H    111.618      8.343      2336165 
           L19N-H    119.873      7.349      4191801 
           K20N-H    119.133      8.290      3423117 
           N21N-H    116.518      8.914      1553508 
           L22N-H    118.304      8.962      1797159 
           N23N-H    122.107      8.471      3025996 
           L24N-H    122.070      8.564      3343727 
           I25N-H    118.482      7.725      2900999 
           F26N-H    120.865      8.383      3255587 
           I27N-H    118.032      9.374      2073255 
           V28N-H    125.805      8.727      2163873 
           L29N-H    129.009      9.507      1643758 
           E30N-H    115.115      7.634      3905386 
           T31N-H    114.408      8.948      3577114 
           G32N-H    111.172      7.929      2684326 
           R33N-H    119.426      8.238      4181768 
           V34N-H    123.801      8.498      4464894 
           T37N-H    116.081      8.965      2674815 
           D39N-H    115.073      8.238      2282593 
           G40N-H    106.476      7.917      2333020 
           H41N-H    117.556      7.819      1761745 
           E42N-H    120.656      8.933      1894152 
           V43N-H    122.389      8.732      1181069 
           T45N-H    121.329      8.926       902074 
           C46N-H    124.652      9.268      1261816 
           K47N-H    125.928      8.384      2392042 
           V48N-H    123.453      9.344      2349874 
           A49N-H    119.550      8.845      2329183 
           D50N-H    119.569      9.161      3030136 
           K51N-H    117.263      9.007      2520029 
           T52N-H    112.841      9.855      2380758 
           G53N-H    109.857      7.691      3844014 
           S54N-H    108.209      8.894      2484220 
           I55N-H    118.951      9.203      2826677 
           N56N-H    121.948      8.758      1679200 
           I57N-H    117.701      8.952      2169859 
           D61N-H    119.647      9.661      1111288 
           D62N-H    120.960      8.514      2666366 
           V63N-H    119.504      7.953      5130706 
           G64N-H    105.409      7.674      1005936 
           N65N-H    116.128      7.541      2838630 
           L66N-H    119.126      7.752      3241847 
           I67N-H    118.619      6.966      2908844 
           Q68N-H    125.462      8.713      3219135 
           G70N-H    114.812      9.382      2076788 
           D71N-H    121.650      7.890      4423443 
           I72N-H    122.611      8.377      2264305 
           I73N-H    128.697      9.136      2039576 
           R74N-H    123.393      8.883      3255455 
           L75N-H    133.654      9.123      1572282 
           T76N-H    118.494      8.725      1340427 
           K77N-H    117.091      8.187       789552 
           G78N-H    107.483      9.474       476649 
           Y79N-H    115.596      8.799      1751717 
           A80N-H    120.790      8.211      2558509 
           S81N-H    117.478      9.204      1976907 
           V82N-H    122.047      8.643      3790037 
           F83N-H    128.645      8.642      1769679 
           K84N-H    130.034      9.168      1247368 
           G85N-H    102.495      8.200      2427208 
           C86N-H    117.560      7.632      3244058 
           L87N-H    133.251      9.661      1545982 
           T88N-H    125.848      9.106      1645951 
           L89N-H    125.388      8.562      2339386 
           D96N-H    118.178      8.359      1980765 
           L97N-H    121.474      8.218      4147908 
           Q98N-H    121.928      8.393      2794527 
           K99N-H    127.434      9.020      3559207 
          I100N-H    122.083      9.140      1429314 
          G101N-H    109.883      7.742      2546675 
          E102N-H    117.696      8.569      3941227 
          C104N-H    121.640      8.855      1881558 
          M105N-H    123.475      7.941      4873751 
          V106N-H    126.756      8.488      4269404 
          Y107N-H    120.461      7.900      4053861 
          S108N-H    115.726      8.421      2689316 
          E109N-H    122.558      9.199      3713652 
          N112N-H    117.533      8.397      2844935 
          F113N-H    125.574      9.620      1633012 
          S114N-H    115.802      8.454      3289066 
          E115N-H    122.129      7.080      4935037 
          N117N-H    121.675      8.432      4129560 
          E119N-H    117.912      8.292      9627672 
          Y120N-H    118.453      7.781      6419236 
          S121N-H    115.911      7.894      8431956 
          T122N-H    115.407      8.074      7662320 
          Q123N-H    122.359      8.255     10469794 
          Q124N-H    121.730      8.335     11371169 
          A125N-H    127.063      8.383     17303718 
          N127N-H    118.920      8.465      8785186 
          K128N-H    126.369      7.853     21825992 
