1	-1
2	-1
3	-1
4	0.622412040415683
5	0.454089405223437
6	0.420770379222728
7	-1
8	0.368556101981795
9	-1
10	0.434210030678275
11	0.374403849182188
12	0.431754824290108
13	0.395028093437925
14	0.33807271807817
15	0.217387281756085
16	-1
17	0
18	0
19	0
20	0
21	-1
22	0.246529570115354
23	0.369794894111845
24	0.34203739608818
25	0.665093747926844
26	0.34424849367617
27	0.280327623509779
28	0.200609397731464
29	0.27218141583759
30	0.235343103114126
31	0.84258439661275
32	0.123376474375704
33	0.332219274910869
34	-1
35	0.717970843815394
36	0.253907894842264
37	-1
38	0.097293653974277
39	0.120858997004952
40	0.146113880236547
41	0.284736936536551
42	-1
43	0.570141645421198
44	0.276174075501867
45	0.265172267001457
46	0.199921343368242
47	0.225378760910011
48	0.231864121297903
49	-1
50	0.387258794014181
51	0.367880177970874
52	0.445755355133454
53	0.43219206387228
54	0.320585865751677
55	0.347851361311473
56	0.434215028858967
57	0.577983185916092
58	-1
59	-1
60	-1
61	0
62	-1
63	-1
64	0
65	0
66	0
67	0.283309826513067
68	-1
69	0.0757479173121232
70	0.265887562515619
71	0.367196421199126
72	0.359579519857134
73	0.26778222569781
74	0.342170434984077
75	0
76	-1
77	-1
78	0
79	0.415526470272089
80	0
81	0
82	-1
83	-1
84	0
85	0.31813468145409
86	0.271543279727004
87	0.155426129865508
88	0.183854776256952
89	-1
90	-1
91	-1
92	-1
93	-1
94	-1
95	0
96	-1
97	-1
98	0
99	0.298703333507308
100	0.445262096705558
101	0.224311492692683
102	0.875542129824342
103	-1
104	0.384789078901063
105	0.290166316630579
106	0.367017977865514
107	0.441122024321394
108	0.103545708609296
109	0.385020531725579
110	-1
111	0.372210444954496
112	0.38715650816614
113	0.425780995179937
114	0.382580152338405
115	-1
116	0.349243238494731
117	-1
118	0.365565271008456
119	0.330675227526992
120	-1
121	0.257412319800172
122	0.205325324545568
123	0.359426588113868
124	0.386327577243628
125	0.362708390697423
