1	1.44841762890634
2	1.29205593616873
3	1.18427628195258
4	1.11048980290576
5	0.845596262025159
6	0.883067263020766
7	0.85226074093131
8	0.917997355274117
9	0.977369555826216
10	1.04135873001081
11	0.820033690366971
12	-1
13	0
14	0.586649509363636
15	0.6047774586729
16	0.560895727604879
17	1.07169037352844
18	1.02489362180254
19	0.805637242514117
20	0.657772718984047
21	1.05733528239301
22	0.926130649630653
23	0.895356612888095
24	0.946048019233975
25	0.510928497208727
26	0.429146233527922
27	0
28	0
29	0.206717337522459
30	-1
31	-1
32	0.418658486661694
33	-1
34	0
35	0.393017633796538
36	0.272743785281071
37	0.35896960750774
38	0.448569050580449
39	-1
40	0
41	1.09482285848333
42	0.338066806519284
43	0.701544423232905
44	1.05052200707287
45	0.946366103699636
46	0.961702424853047
47	1.05254544981052
48	1.02873064458142
49	1.11114313547109
50	0.767400378607107
51	0.711677584564078
52	0.697059117666171
53	-1
54	-1
55	-1
56	0.508420859399184
57	0.296228649780263
58	0.396972268533804
59	0.504114575877591
60	0.750344708538978
61	0.825050966316424
62	0.546178481898651
63	0.710867670973724
64	-1
65	0.734318572719026
66	0.865641763666899
67	0.847765649945568
68	0.776693293115824
69	0.919112996493578
70	1.13018466153018
71	1.01876193183217
72	1.28625473686344
73	1.21598702609258
74	0.844006765933082
75	0.477142351267867
76	0.546632188565269
77	0
78	0
79	0
80	0
81	0.215323523808761
82	0.403852050023868
83	0.499760320933005
84	0.609999375904618
85	-1
86	-1
87	-1
88	-1
89	-1
90	-1
91	0.925297549179231
92	0.535131926744759
93	1.07141387433365
94	0
95	0.81322158741886
96	0.924298153474629
97	0.730916793171264
98	-1
99	0.694318219262973
100	0.823180544102479
101	0.733609421830307
102	0.972267426041495
103	0.874736550111627
104	0.780418035938747
105	-1
106	-1
107	1.04181747561895
108	0.895776638506024
109	0.750985842181337
110	0.61988147201328
111	-1
112	0.511279409912921
113	-1
114	0.227953756629848
115	0.47609902486838
116	0.188868632616204
117	0.152820816671713
118	0.147483513047153
119	0.221976298127308
120	0.157947326695916
121	-1
122	0.449032951607399
123	0.583206344069035
