1	0.56074477561377
2	0.559623424461928
3	0.53806252599579
4	0.509154301051536
5	0.52481455240339
6	0.559958393662454
7	0.545604855283371
8	0.490764812334604
9	0.463010131315445
10	0.504584401655304
11	0.296841896801789
12	-1
13	0
14	0
15	0
16	0
17	0.315047878220937
18	0.413433952319079
19	0.476394732054193
20	0.363920142691711
21	0.456242960633233
22	0.567330637519323
23	0.527178299895873
24	0.529502277112276
25	0.45689636343347
26	0.476965730009172
27	1.11267691554834
28	0.439089567867025
29	0.525849120056625
30	-1
31	-1
32	0.314823844310027
33	-1
34	0
35	0.24561912645975
36	0.303120800287146
37	0.266169157575971
38	0.439139534426312
39	-1
40	0.536068813966389
41	0.721808569369704
42	0.458289882947269
43	0.519337218586207
44	0.510736186158518
45	0.516370682839984
46	0.513443390886806
47	0.551685269904646
48	0.552367517656085
49	0.580817819760917
50	0.490046205907808
51	0.479884478277276
52	0.586933190928444
53	-1
54	-1
55	-1
56	0.269963733740812
57	0.134120609096724
58	0.178259794362551
59	0.276878490194337
60	0.385558693757532
61	0.454098560491666
62	0.349747882390192
63	0.505904852688165
64	-1
65	0.273457581536297
66	0.45605033214093
67	0.537052660450455
68	0.492732643916308
69	0.543381882361543
70	0.515561202381131
71	0.656629098014533
72	0.968321925177086
73	-1
74	0
75	0
76	0
77	0
78	0
79	-1
80	0
81	0.229032886039675
82	0.366619314511824
83	0.274189185533826
84	0.417996460693631
85	-1
86	-1
87	-1
88	-1
89	-1
90	-1
91	0.690508045948859
92	0.0769884305839823
93	0.476811568394336
94	0
95	0.481862191502821
96	0.483583234337296
97	0.392406382907614
98	-1
99	0.533512498496917
100	0.48567110148074
101	0.398045633229396
102	0.485181890334891
103	0.562808367068059
104	0.336906020830901
105	-1
106	-1
107	0.557111469971655
108	0.532406067797139
109	0.550270911612305
110	0.455112492956476
111	-1
112	0.425021669365953
113	-1
114	0.439551004763819
115	0.334583453390645
116	0.0634465986308678
117	0.182921940670889
118	0.0744720029259128
119	0.109107036762317
120	0.0621974608252189
121	-1
122	0.131135665687471
123	0.323638335144851
