1	-1
2	-1
3	-1
4	-1
5	-1
6	-1
7	-1
8	-1
9	-1
10	-1
11	-1
12	-1
13	-1
14	-1
15	-1
16	-1
17	-1
18	-1
19	-1
20	-1
21	-1
22	-1
23	-1
24	-1
25	-1
26	-1
27	-1
28	-1
29	-1
30	-1
31	-1
32	-1
33	-1
34	-1
35	-1
36	-1
37	-1
38	-1
39	-1
40	-1
41	-1
42	-1
43	-1
44	-1
45	-1
46	-1
47	-1
48	-1
49	-1
50	-1
51	-1
52	0.445040920651709
53	0.218038327977241
54	0.769674880852921
55	0.143297175456369
56	0.264997784578315
57	0.875804797355692
58	0.742456096365841
59	0.591736003220404
60	0.754475354423414
61	0.760398606066842
62	0.318705817877725
63	0.168283965977041
64	0.238655403868695
65	0.152961494106062
66	0.121155296074859
67	0.232468620691236
68	0
69	0
70	0
71	0
72	0.159145042759934
73	0.162264300844029
74	0.195997313814891
75	0.566885671717903
76	0.318049451953239
77	0.371221202169735
78	0.657369275076269
79	0.990042736937951
80	0.982783523500528
81	0.86693395408576
82	0.808798671806575
83	0.242348537989249
84	0.253135413189375
85	0.183503489728856
86	0.201013483136742
87	0.212237170398027
88	0
89	0
90	0.177898984598057
91	0.122251777441772
92	0.292225731329588
93	0.17487488431739
94	0.0999410415164207
95	0.102654493718122
96	-1
97	0
98	0
99	0
100	-1
101	-1
102	0.0583856431702948
103	0.274890719494093
104	0.173504333596666
105	0.1122240129759
106	0.194708331337954
107	0.600059574665259
108	0.389981036759277
109	0.718462517606327
110	0.541193122336326
111	0.503331880904181
112	0.76445099314763
113	0.470248795456319
114	0.230834935708773
115	0.419879219706551
116	0.391652062644302
117	0.0800702076229819
118	0.109872693943824
119	0.12827623912452
120	0.156376088677981
121	0.157579779067881
122	0.543910610210812
123	0.586412776145679
124	0.26854863593191
125	0.441082213490955
126	0.379064064592642
127	0.512195524028818
128	-1
129	0.800285401751859
130	0.903920046477912
131	0.567335788296488
132	-1
133	0.270870537814191
134	-1
135	0.2622108312755
136	0.182165924629235
137	-1
138	0.453021728179093
139	0.168622117873002
140	0
141	-1
142	-1
143	-1
144	-1
145	-1
146	-1
147	-1
148	-1
149	-1
150	-1
151	-1
152	-1
153	-1
154	-1
155	-1
156	-1
157	-1
158	-1
159	-1
160	-1
161	-1
162	-1
163	-1
164	-1
165	-1
166	-1
167	-1
168	-1
169	-1
170	-1
171	-1
172	-1
173	-1
174	-1
175	-1
176	-1
177	-1
178	-1
179	-1
180	-1
181	-1
182	-1
183	-1
184	-1
185	-1
186	-1
187	-1
188	-1
189	-1
190	-1
191	-1
192	-1
193	-1
194	-1
195	-1
196	-1
197	-1
198	-1
199	-1
200	-1
201	-1
202	-1
203	-1
204	-1
205	-1
206	-1
207	-1
208	-1
209	-1
210	-1
211	-1
212	-1
213	-1
214	-1
215	-1
216	-1
217	-1
218	-1
219	-1
220	-1
221	-1
222	-1
223	-1
224	-1
225	-1
226	-1
227	-1
228	-1
229	-1
230	-1
231	-1
232	-1
233	-1
234	-1
235	-1
236	-1
237	-1
238	-1
239	-1
240	-1
241	-1
242	-1
243	-1
244	-1
245	-1
246	-1
247	-1
248	-1
249	-1
250	-1
251	-1
252	-1
253	-1
254	-1
255	-1
256	-1
257	-1
258	-1
259	-1
260	-1
261	-1
262	-1
263	-1
264	-1
265	-1
266	-1
267	-1
268	-1
269	-1
270	-1
271	-1
272	-1
273	-1
274	-1
275	-1
276	-1
277	-1
278	-1
279	-1
280	-1
281	-1
282	-1
283	-1
284	-1
285	-1
286	-1
287	-1
288	-1
289	-1
290	-1
291	-1
292	-1
293	-1
294	-1
295	-1
296	-1
297	-1
298	-1
299	-1
300	-1
301	-1
302	-1
303	-1
304	-1
305	-1
306	-1
307	-1
308	-1
309	-1
310	-1
311	-1
312	-1
313	-1
314	-1
315	-1
316	-1
317	-1
318	-1
319	-1
320	-1
321	-1
322	-1
323	-1
324	-1
