      Assignment         w1         w2   Data Height 

              ?-?    102.642      8.333       205690 
           K52N-H    121.652      8.193     31811436 
           K53N-H    124.201      8.654     10293272 
           V54N-H    125.382      8.496     36135232 
           I55N-H    127.729      9.338      2745845 
           A56N-H    122.475      8.142      9741450 
           T57N-H    112.935      8.343     36984592 
           K58N-H    123.713      8.800     19236984 
           V59N-H    121.861      8.840     20332584 
           L60N-H    121.751      7.686     28249872 
           G61N-H    108.979      9.313     21223230 
           T62N-H    115.415      8.755      7183160 
           V63N-H    129.150      9.153      5126942 
           K64N-H    135.359      9.008      4092439 
           W65N-H    110.225      7.083      3631044 
       W65NE1-HE1    128.560      9.993      3540699 
           F66N-H    117.390      8.520      1886044 
           N67N-H    130.838      8.536      1723958 
           Y72N-H    112.944      6.844      2649810 
           G73N-H    105.843      7.490      2381454 
           F74N-H    113.230      7.077      2725678 
           I75N-H    121.378      9.358     11685686 
           N76N-H    127.330      9.188      7294898 
    N76scND2-HD21    111.735      6.107      5011955 
    N76scND2-HD22    111.703      8.292      1962747 
           R77N-H    127.712      9.235      7903289 
         R77NE-HE    120.142      8.815      7959024 
           N78N-H    121.593      9.620     13855175 
    N78scND2-HD21    108.895      7.520     10138895 
    N78scND2-HD22    108.895      6.896     10469024 
           D79N-H    117.027      8.895     42327012 
           T80N-H    109.743      8.705     21626690 
           K81N-H    115.014      7.758     20940592 
           E82N-H    118.154      7.226     23880444 
           D83N-H    122.771      8.809      6162205 
           V84N-H    121.702      9.747      4910745 
           F85N-H    130.321      8.277      3595160 
           V86N-H    123.688      7.247      3487518 
           H87N-H    126.966      8.671      2481151 
           A90N-H    123.619      8.145      5196028 
           I91N-H    117.536      6.959      3819814 
           K92N-H    132.376      8.974      5131305 
           K93N-H    118.100      6.717      4115544 
           N94N-H    121.999      8.626      2618604 
    N94scND2-HD21    115.897      7.393      1299810 
    N94scND2-HD22    115.974      6.235       762800 
           N95N-H    123.308      6.725      1387701 
    N95scND2-HD21    113.870      8.483      1483898 
    N95scND2-HD22    113.922      7.070      1927557 
          S102N-H    113.407      7.178       947221 
          V103N-H    105.786      5.087      5875611 
          G104N-H    108.545     10.535      2193849 
          D105N-H    119.848      8.056      2612584 
          G106N-H    112.515      8.734      4049554 
          E107N-H    121.081      8.004     25382436 
          T108N-H    120.279      8.764     11202224 
          V109N-H    119.097      9.039     21254360 
          E110N-H    123.516      8.869     13595990 
          F111N-H    119.395      8.697     15127839 
          D112N-H    117.035      8.876     18783148 
          V113N-H    121.080      9.061     13909412 
          V114N-H    122.187      9.611      5647072 
          E115N-H    121.885      8.711     15262875 
          G116N-H    114.446      7.910     13009458 
          E117N-H    121.014      8.985      4742470 
          K118N-H    115.582      8.468      3589119 
          G119N-H    106.677      7.104      5076330 
          A120N-H    124.813      8.680      6463805 
          E121N-H    119.277      9.476      4875490 
          A122N-H    122.589      8.854     14480530 
          A123N-H    122.581      9.371     19095982 
          N124N-H    117.829      9.382      9615530 
   N124scND2-HD21    116.372      8.349     11399636 
   N124scND2-HD22    116.561      6.913      6627333 
          V125N-H    116.376      8.567     15624517 
          T126N-H    119.007      9.487     10818101 
          G127N-H    106.622      9.295     11526991 
          G129N-H    113.666      9.458     23013532 
          G130N-H    105.462      7.682     24620092 
          V131N-H    112.573      6.352     26391948 
          V133N-H    114.212      7.654      8004401 
   Q134scNE2-HE21    113.892      7.718     39895284 
   Q134scNE2-HE22    113.890      6.840     32267162 
          G135N-H    107.855      9.258      5179020 
          S136N-H    110.858      8.085      2918763 
          Y138N-H    116.364      8.367     15276931 
          A139N-H    119.690      7.480      4663963 
