      Assignment         w1         w2   Data Height 

            V9N-H    121.784      8.289     36011476 
           N10N-H    121.942      8.489     33875244 
           D11N-H    122.070      8.052     31840112 
           L13N-H    123.069      8.123     16592322 
           F15N-H    121.080      8.623      9890298 
           I16N-H    124.888     10.285      4127449 
           R17N-H    114.856      8.198      8549198 
           D18N-H    118.808      7.840     10095255 
           I19N-H    121.473      7.507     10338046 
           K20N-H    124.403      6.326      6116099 
           N27N-H    122.541      8.057      5899212 
           V28N-H    121.310      8.620     10054238 
           V29N-H    126.032      8.247      7955744 
           F30N-H    121.818      8.437     36733000 
           I31N-H    117.951      9.473      6254560 
           V32N-H    126.028      8.673      4708995 
           L33N-H    128.291      9.336      2804065 
           E34N-H    115.662      7.680      8676278 
           I35N-H    123.671      8.949      8247648 
           G36N-H    115.568      8.231     28594908 
           R37N-H    117.922      8.177      5731653 
           V38N-H    123.250      8.413     16127396 
           K40N-H    124.171      8.522      2664178 
           T41N-H    115.615      8.912      3422586 
           D43N-H    114.794      8.241      2377724 
           G44N-H    106.513      7.890      3268911 
           H45N-H    117.586      7.845      1684358 
           E46N-H    121.531      8.873      4457856 
           R48N-H    124.338      8.428      1696030 
           S49N-H    120.201      8.979      3230235 
           C50N-H    123.464      9.344      2219446 
           K51N-H    126.370      8.654      1690737 
           V52N-H    123.026      9.162      4431756 
           A53N-H    120.211      8.777      7345460 
           K55N-H    117.354      9.118      6935726 
           T56N-H    112.727      9.748      5898043 
           G57N-H    110.231      7.761     11891133 
           S58N-H    108.275      8.910      8956470 
           I59N-H    119.642      9.167      7769083 
           T60N-H    120.265      8.824      3432975 
           I61N-H    122.887      9.019      5211444 
           S62N-H    122.230      8.147      5027748 
           Q72N-H    123.541      8.696      8499641 
           G74N-H    114.444      9.387      1428315 
           D75N-H    121.836      7.898     10350437 
           I76N-H    122.477      8.354      6809405 
           I77N-H    129.385      9.166      7193914 
           R78N-H    123.848      8.836      5488457 
           L79N-H    133.568      9.290      4796823 
           A84N-H    121.068      8.160     41162348 
           C90N-H    117.386      7.782      5126009 
           L91N-H    133.310      9.433      4168018 
           T92N-H    126.128      8.985      2050748 
           L93N-H    126.394      8.602      4675488 
           T95H-N    109.853      8.431     34049212 
          I104N-H    122.070      9.165      2901623 
          G105N-H    110.048      7.746      7847618 
          E106N-H    117.664      8.542      5541331 
          F107N-H    119.793      8.386     33407984 
          M109N-H    123.393      7.942      9468805 
          V110N-H    126.760      8.487      7602679 
          Y111N-H    120.626      7.885     19828020 
          S112N-H    115.637      8.454     10556867 
          E113N-H    122.463      9.167      3111667 
          V114N-H    113.876      7.637     11305113 
          N116N-H    117.598      8.418     11846286 
          F117N-H    125.318      9.538      5593192 
          S118N-H    115.700      8.321     12688461 
          E119N-H    122.350      7.152     18432952 
          N121N-H    121.619      8.774     15361577 
          D123N-H    118.200      8.304     33087184 
          Y124N-H    120.869      7.885     26459600 
          G126N-H    108.449      7.719     13180109 
          Q127N-H    119.591      8.209     24249660 
          Q128N-H    121.110      8.455     39894396 
          N129N-H    120.222      8.459     29540668 
          K130N-H    126.511      7.897     96234800 
